# Created by Octave 6.2.0, Sat Apr 24 21:16:36 2021 GMT <unknown@sayandas-7400>
# name: v
# type: matrix
# rows: 1
# columns: 10
 2104 1600 2400 1416 3000 1985 1534 1427 1380 1494


